data/image/Enemy/BossA.png BossA 
12 0 1 0 0 
48 48 1 
0 0 0 
30 30 1 
0 0 0 
48 48 1 
0 0 0 
500 500 1 
0 0 0 
0 0 1 
7 
3 
17 0 1 
0 256 96 96 0 0 1 0 0 
0 0 500 
0 256 96 96 0 0 1 0 0 
18 0 1 
0 256 96 96 0 0 1 0 0 
0 1 0 0 0 0 0 
1 
0 0 90 
0 256 96 96 0 0 1 0 0 
0 0 1 0 0 0 0 
1 
0 0 -1 
0 256 96 96 0 0 1 0 0 
0 0 0 7 -7 0 0 
3 
6 0 270 
0 352 96 96 0 0 1 0 0 
13 0 120 
0 352 96 96 0 0 1 0 0 
16 0 -1 
288 256 96 192 0 48 1 0 0 
0 1 0 0 0 4 0 
4 
20 0 270 
0 256 96 96 0 0 1 0 0 
14 0 120 
0 256 96 96 0 0 1 0 0 
0 0 60 
96 256 96 96 0 0 2 10 0 
19 0 120 
96 352 96 96 0 0 2 5 1 
0 0 0 0 0 1 0 
2 
0 0 120 
192 256 96 96 0 0 -3 5 0 
15 0 180 
0 256 96 96 0 0 1 0 0 
0 1 0 0 0 0 0 
1 
0 0 0 
0 256 96 96 0 0 1 0 0 
0 0 0 0 0 0 0 
