2
EnemyDataA1.txt 
EnemyDataB1.txt 
17
0 1 0  756.000000 60.000000 0.000000 
0 1 1  850.000000 60.000000 0.000000 
1 0 1 1460.000000 60.000000 0.000000 
0 0 1 4792.000000 336.000000 0.000000 
0 0 1 5040.000000 308.000000 0.000000 
1 0 1 4344.000000 292.000000 0.000000 
1 0 1 5280.000000 704.000000 0.000000 
0 0 1 6788.000000 324.000000 0.000000 
0 0 1 6892.000000 388.000000 0.000000 
0 0 1 7388.000000 304.000000 0.000000 
0 0 1 7308.000000 372.000000 0.000000 
0 0 0 8644.000000 232.000000 0.000000 
0 0 1 8472.000000 324.000000 0.000000 
0 0 1 8360.000000 232.000000 0.000000 
1 0 1 9988.000000 468.000000 0.000000 
1 0 1 10100.000000 468.000000 0.000000 
0 0 1 12780.000000 468.000000 0.000000 
0 0 0 8568.000000 364.000000 0.000000 
